2 115 200 0 180 0 0 632
4 245 200 0 0 0 0 600
5  155 240 10 0 0 0 400
5  195 240 10 0 0 0 400
5  180 160 0 180 0 0 400
6 125 230 0 0 0 0 416
6 125 170 0 0 0 0 416
6 230 230 0 0 0 0 416
6 230 170 0 0 0 0 416
7  30 200 0 0 0 0 616
7  75 200 0 0 0 0 616
7  120 200 0 0 0 0 616
7  240 200 0 0 0 0 616
7  285 200 0 0 0 0 616
7  330 200 0 0 0 0 616
7  200 200 120 0 0 0 616
7  150 200 120 0 0 0 616
7  330 200 6.7 0 0 0 616
7  330 200 13.3 0 0 0 616
7  330 200 20 0 0 0 616
7  330 200 26.7 0 0 0 616
7  330 200 33.3 0 0 0 616
7  30 200 6.7 0 0 0 616
7  30 200 13.3 0 0 0 616
7  30 200 20 0 0 0 616
7  30 200 26.7 0 0 0 616
7  30 200 33.3 0 0 0 616
8  155 200 128 0 0 0 600
8  155 200 0 0 0 0 600